"Title: Health Insurance Coverage of the Total Population | KFF State Health Facts"
"Timeframe: 2024"
"Location","Employer","Non-Group","Medicaid","Medicare","Military","Uninsured","Total",Footnotes
"United States","0.486","0.066","0.204","0.148","0.013","0.082","1.000","1"
"Alabama","0.470","0.068","0.199","0.161","0.020","0.082","1.000"
"Alaska","0.462","0.047","0.225","0.118","0.038","0.111","1.000"
"Arizona","0.467","0.058","0.190","0.170","0.013","0.102","1.000"
"Arkansas","0.422","0.060","0.250","0.163","0.012","0.093","1.000"
"California","0.470","0.064","0.278","0.121","0.008","0.059","1.000"
"Colorado","0.518","0.077","0.164","0.140","0.021","0.078","1.000"
"Connecticut","0.517","0.049","0.221","0.149","0.006","0.057","1.000"
"Delaware","0.485","0.050","0.188","0.190","0.018","0.069","1.000"
"District of Columbia","0.552","0.046","0.262","0.082","0.010","0.047","1.000"
"Florida","0.407","0.125","0.162","0.179","0.018","0.109","1.000"
"Georgia","0.483","0.077","0.169","0.131","0.020","0.120","1.000"
"Hawaii","0.508","0.049","0.197","0.170","0.043","0.033","1.000"
"Idaho","0.493","0.076","0.163","0.162","0.016","0.090","1.000"
"Illinois","0.539","0.052","0.187","0.149","0.005","0.068","1.000"
"Indiana","0.510","0.049","0.206","0.154","0.007","0.074","1.000"
"Iowa","0.522","0.056","0.193","0.163","0.009","0.057","1.000"
"Kansas","0.541","0.063","0.134","0.158","0.019","0.086","1.000"
"Kentucky","0.455","0.040","0.263","0.159","0.013","0.069","1.000"
"Louisiana","0.410","0.052","0.304","0.144","0.014","0.076","1.000"
"Maine","0.475","0.058","0.205","0.195","0.011","0.056","1.000"
"Maryland","0.536","0.059","0.189","0.136","0.018","0.062","1.000"
"Massachusetts","0.542","0.059","0.227","0.140","0.004","0.028","1.000"
"Michigan","0.503","0.050","0.225","0.167","0.005","0.050","1.000"
"Minnesota","0.544","0.056","0.180","0.159","0.008","0.053","1.000"
"Mississippi","0.426","0.068","0.238","0.153","0.018","0.097","1.000"
"Missouri","0.506","0.059","0.174","0.170","0.015","0.076","1.000"
"Montana","0.441","0.089","0.175","0.188","0.020","0.086","1.000"
"Nebraska","0.524","0.072","0.159","0.152","0.018","0.076","1.000"
"Nevada","0.473","0.055","0.191","0.150","0.018","0.114","1.000"
"New Hampshire","0.559","0.069","0.120","0.194","0.011","0.047","1.000"
"New Jersey","0.544","0.057","0.174","0.144","0.004","0.077","1.000"
"New Mexico","0.343","0.043","0.331","0.166","0.015","0.102","1.000"
"New York","0.466","0.054","0.291","0.135","0.004","0.049","1.000"
"North Carolina","0.465","0.069","0.200","0.156","0.024","0.086","1.000"
"North Dakota","0.544","0.093","0.127","0.156","0.020","0.060","1.000"
"Ohio","0.510","0.047","0.203","0.165","0.009","0.067","1.000"
"Oklahoma","0.442","0.058","0.213","0.152","0.018","0.117","1.000"
"Oregon","0.477","0.056","0.242","0.167","0.007","0.052","1.000"
"Pennsylvania","0.507","0.053","0.204","0.172","0.006","0.060","1.000"
"Rhode Island","0.494","0.055","0.241","0.154","0.007","0.048","1.000"
"South Carolina","0.451","0.076","0.187","0.176","0.020","0.091","1.000"
"South Dakota","0.500","0.101","0.130","0.164","0.025","0.079","1.000"
"Tennessee","0.482","0.069","0.184","0.152","0.017","0.097","1.000"
"Texas","0.475","0.077","0.148","0.115","0.017","0.168","1.000"
"Utah","0.594","0.104","0.102","0.109","0.009","0.083","1.000"
"Vermont","0.493","0.067","0.195","0.189","0.014","0.043","1.000"
"Virginia","0.525","0.049","0.159","0.156","0.043","0.068","1.000"
"Washington","0.532","0.050","0.192","0.144","0.017","0.065","1.000"
"West Virginia","0.458","0.030","0.248","0.195","0.010","0.059","1.000"
"Wisconsin","0.540","0.057","0.172","0.170","0.008","0.054","1.000"
"Wyoming","0.506","0.084","0.121","0.172","0.019","0.097","1.000"
"Puerto Rico","0.230","0.087","0.470","0.150","0.005","0.057","1.000"

"Notes"
"The American Community Survey did not release the 1-year estimates for 2020 due to significant disruptions to the data collection because of the coronavirus pandemic. "
""
"The majority of our health coverage topics are based on analysis of the Census Bureau’s American Community Survey (ACS) by KFF. ACS includes a 1% sample of the US population and allows for precise state-level estimates.   "
""
"The ACS asks respondents about their health insurance coverage at the time of the survey. Respondents may report having more than one type of coverage; however, individuals are sorted into only one category of insurance coverage. See definitions for more detail on coverage type."
""
"* The count of people with Medicare excludes those who report having both Medicare and Medicaid coverage, also known as dual eligibles. If these individuals were instead categorized as having Medicare, the total number of people with Medicare would increase as follows:"
"     - 2024: from 49,117,800 to 61,211,100"
"     - 2023: from 47,915,100 to 59,736,900"
"     - 2022: from 47,215,600 to 58,701,200"
"     - 2021: from 46,306,700 to 57,450,400"
"     - 2019: from 45,286,700 to 56,182,200"
"     - 2018: from 43,837,300 to 54,685,100"
"     - 2017: from 42,802,900 to 53,401,400"
"     - 2016: from 41,628,600 to 52,099,100"
"     - 2015: from 40,558,200 to 50,747,800"
"     - 2014: from 39,364,700 to 49,231,400"
"     - 2013: from 37,939,800 to 47,515,000"
"     - 2012: from 36,470,400 to 46,081,400"
"     - 2011: from 35,074,700 to 44,427,200"
"     - 2010: from 34,335,100 to 43,246,000"
"     - 2009: from 33,037,500 to 41,876,400"
"     - 2008: from 32,115,800 to 39,037,500"
""
"Data may not sum to totals due to rounding."
""
"Data include the civilian noninstitutionalized population in the United States."

"Sources"
"KFF estimates based on the 2008-2024 American Community Survey, 1-Year Estimates."

"Definitions"
"The ACS asks respondents about their health insurance coverage throughout the previous calendar year. Respondents may report having more than one type of coverage. In this analysis, individuals are sorted into only one category of insurance coverage using the following hierarchy:"
""
"*Medicaid*: Includes those covered by Medicaid, Medical Assistance, Children's Health Insurance Plan (CHIP) or any kind of government-assistance plan for those with low incomes or a disability, as well as those who have both Medicaid and another type of coverage, such as dual eligibles who are also covered by Medicare."
""
"*Employer*: Includes those covered through a current or former employer or union, either as policyholder or as dependent."
""
"*Medicare*: Includes those covered by Medicare, except dual eligibles who are covered by both Medicaid and Medicare and those covered by Medicare and employer-sponsored insurance who work full-time."
""
"*Military*: Includes those covered under the military or Veterans Administration."
""
"*Non-Group*: Includes those covered by a policy purchased directly from an insurance company, either as policyholder or as dependent."
""
"*Uninsured*: Includes those without health insurance and those who have coverage under the Indian Health Service only."
""
"*N/A*: Estimates with relative standard errors greater than 30% are not provided."


Footnotes
"1. US total excludes Puerto Rico."
